1.178547	0.033393	0.046506	-0.011763	-0.105619	-0.033745	-0.070773	-0.090262	-0.092532	-0.007660	-0.021563	-0.040510	-0.040126	-0.022917	-0.194700	-0.032163	-0.088908	-0.044674	0.034403	-0.048765	-0.030498	0.018246	-0.081247	-0.067680	-0.058801	0.013262	-0.077697	-0.025600	0.043080	-nan	0.416200	-0.010051	0.078547	0.013768	0.003776	-0.134788	-0.044183	
0.033393	1.117413	-0.041824	-0.070528	0.020649	-0.038546	-0.031285	-0.035853	-0.111218	0.043421	-0.062228	-0.073839	0.011766	-0.065477	-0.049425	-0.012449	-0.074576	-0.084197	-0.065098	-0.094550	-0.031894	-0.026206	-0.084735	0.019453	0.043837	-0.010789	-0.080302	0.001925	-0.024827	-nan	-0.165805	-0.043790	-0.044302	-0.006905	-0.051852	0.013760	-0.008424	
0.046506	-0.041824	0.954038	0.028228	-0.050649	-0.036411	-0.089858	-0.011354	-0.011041	-0.029290	-0.010369	0.036237	-0.052221	-0.019528	-0.008706	-0.003997	-0.089077	0.075986	0.012604	-0.016428	-0.029774	-0.042647	-0.100037	-0.051609	-0.005873	0.026933	-0.050991	0.052102	-0.074150	-nan	-0.084217	-0.103923	-0.057228	-0.095543	-0.070805	-0.079393	-0.045030	
-0.011763	-0.070528	0.028228	1.007159	-0.015493	-0.071146	-0.048564	-0.007521	-0.083708	0.036237	-0.010783	-0.023904	0.048109	0.005565	-0.065041	-0.009617	-0.017672	-0.018199	-0.082593	-0.040586	-0.026458	0.024362	-0.056645	-0.084358	-0.068616	0.068209	-0.027594	-0.033209	-0.128525	-nan	-0.158549	-0.106411	0.029161	-0.039772	0.003336	-0.109377	-0.043737	
-0.105619	0.020649	-0.050649	-0.015493	1.103035	-0.050175	-0.088634	-0.122528	0.017264	-0.088650	0.013261	-0.063173	-0.018684	-0.070343	0.081931	-0.031012	-0.015033	0.002604	-0.064252	-0.049634	-0.022457	-0.172892	-0.033334	0.004348	-0.068216	-0.020564	-0.042031	-0.053836	0.023511	-nan	-0.050424	-0.067576	-0.092874	-0.011117	0.068118	0.091993	-0.015836	
-0.033745	-0.038546	-0.036411	-0.071146	-0.050175	0.998658	-0.022911	-0.062750	-0.012169	-0.109663	-0.063331	-0.009559	-0.036542	-0.129048	0.076687	-0.028331	0.046174	-0.055543	-0.058715	0.070546	-0.004244	0.020445	-0.050128	-0.075912	-0.028391	-0.066552	0.005278	0.020579	0.121910	-nan	-0.085277	-0.090177	-0.053496	-0.092453	-0.005792	0.023149	-0.080201	
-0.070773	-0.031285	-0.089858	-0.048564	-0.088634	-0.022911	1.057239	-0.004776	0.052851	-0.090413	0.023199	-0.101567	-0.088463	-0.027540	-0.017891	-0.031307	-0.050857	-0.032568	0.004866	0.084501	-0.086255	-0.030530	-0.018500	-0.019965	-0.025058	-0.107096	0.018519	-0.031217	-0.032775	-nan	-0.187716	0.034154	-0.032121	-0.023970	-0.011301	-0.024567	-0.055695	
-0.090262	-0.035853	-0.011354	-0.007521	-0.122528	-0.062750	-0.004776	0.965020	-0.029713	-0.048784	-0.018744	0.033931	-0.020092	0.001300	-0.070265	-0.005843	-0.032278	0.024138	-0.016203	-0.054567	-0.017370	0.005528	-0.068079	-0.053326	-0.055608	0.012428	-0.043338	-0.029488	0.022296	-nan	-0.019412	0.018900	0.024928	-0.051365	-0.068607	-0.086542	-0.015848	
-0.092532	-0.111218	-0.011041	-0.083708	0.017264	-0.012169	0.052851	-0.029713	1.030751	-0.042773	-0.014422	-0.021369	-0.019915	-0.078336	-0.003882	-0.022044	0.021412	-0.071450	-0.008367	-0.075909	-0.058271	-0.057840	0.012620	-0.041222	-0.031510	-0.079969	-0.004059	0.081486	-0.005502	-nan	0.045315	-0.035295	-0.101026	-0.036960	-0.138144	0.112008	-0.067866	
-0.007660	0.043421	-0.029290	0.036237	-0.088650	-0.109663	-0.090413	-0.048784	-0.042773	1.164589	0.021672	-0.011353	-0.043722	-0.024418	-0.066535	-0.056820	-0.094395	-0.107726	-0.030405	-0.011427	-0.037869	-0.010970	-0.052005	-0.038443	-0.062624	-0.043784	-0.011240	0.016206	-0.014080	-nan	-0.039583	-0.089784	0.078038	-0.075294	-0.055481	-0.042223	0.021132	
-0.021563	-0.062228	-0.010369	-0.010783	0.013261	-0.063331	0.023199	-0.018744	-0.014422	0.021672	0.888985	-0.001512	-0.031127	-0.057271	-0.033101	-0.082414	-0.013596	-0.057176	-0.064415	-0.027273	-0.031369	-0.048056	-0.028639	-0.002917	-0.018622	-0.105950	-0.013114	-0.062565	-0.073693	-nan	-0.296789	-0.025093	-0.033169	-0.032999	-0.066760	0.014301	0.124719	
-0.040510	-0.073839	0.036237	-0.023904	-0.063173	-0.009559	-0.101567	0.033931	-0.021369	-0.011353	-0.001512	1.270828	0.003356	-0.031437	-0.031909	-0.013221	-0.012873	-0.009488	-0.117049	-0.089493	-0.008218	-0.044333	-0.052859	-0.031542	-0.039411	0.007457	-0.034821	-0.086122	-0.084142	-nan	0.750481	-0.066046	-0.065353	-0.092823	-0.110509	-0.011696	-0.055057	
-0.040126	0.011766	-0.052221	0.048109	-0.018684	-0.036542	-0.088463	-0.020092	-0.019915	-0.043722	-0.031127	0.003356	1.199387	0.057568	-0.061366	-0.082128	-0.054181	-0.110060	-0.092591	-0.011781	-0.063834	-0.035934	-0.029030	0.028635	-0.041379	0.000079	-0.084072	-0.042639	-0.118917	-nan	-0.037916	-0.057460	0.058798	-0.058454	-0.039565	-0.090736	-0.029516	
-0.022917	-0.065477	-0.019528	0.005565	-0.070343	-0.129048	-0.027540	0.001300	-0.078336	-0.024418	-0.057271	-0.031437	0.057568	1.200247	-0.067629	-0.016889	0.019870	0.016402	0.037419	-0.042796	-0.117082	-0.055050	-0.034351	-0.014310	-0.001034	-0.047012	-0.066061	-0.095416	-0.096330	-nan	0.417201	0.022458	-0.068591	0.024149	-0.042075	-0.091615	-0.082070	
-0.194700	-0.049425	-0.008706	-0.065041	0.081931	0.076687	-0.017891	-0.070265	-0.003882	-0.066535	-0.033101	-0.031909	-0.061366	-0.067629	1.092532	0.043530	0.055618	-0.091277	-0.081359	0.006436	-0.046995	-0.044321	-0.023853	-0.032580	-0.059411	-0.061989	0.039859	-0.105078	-0.086181	-nan	-0.314336	-0.077255	-0.037428	-0.116626	0.060985	0.056579	-0.004930	
-0.032163	-0.012449	-0.003997	-0.009617	-0.031012	-0.028331	-0.031307	-0.005843	-0.022044	-0.056820	-0.082414	-0.013221	-0.082128	-0.016889	0.043530	0.813038	-0.010121	-0.029021	-0.013156	-0.054296	0.074470	-0.034018	-0.006845	-0.022219	-0.032650	-0.009204	0.044410	-0.057894	-0.045660	-nan	-0.225158	-0.034163	-0.102333	0.033001	-0.058690	-0.062956	-0.035274	
-0.088908	-0.074576	-0.089077	-0.017672	-0.015033	0.046174	-0.050857	-0.032278	0.021412	-0.094395	-0.013596	-0.012873	-0.054181	0.019870	0.055618	-0.010121	1.049991	-0.037200	-0.118925	0.007086	-0.024166	-0.003916	-0.070896	-0.045824	0.010713	-0.034265	0.003953	-0.029284	-0.007408	-nan	0.109270	-0.010387	-0.098773	-0.068266	-0.073572	0.011033	-0.080248	
-0.044674	-0.084197	0.075986	-0.018199	0.002604	-0.055543	-0.032568	0.024138	-0.071450	-0.107726	-0.057176	-0.009488	-0.110060	0.016402	-0.091277	-0.029021	-0.037200	0.887794	0.084259	-0.050974	0.058363	-0.056546	0.019548	0.010246	0.016139	-0.012746	0.077282	0.046653	-0.090131	-nan	0.018502	-0.035291	-0.125208	-0.039721	-0.061538	-0.086098	-0.077997	
0.034403	-0.065098	0.012604	-0.082593	-0.064252	-0.058715	0.004866	-0.016203	-0.008367	-0.030405	-0.064415	-0.117049	-0.092591	0.037419	-0.081359	-0.013156	-0.118925	0.084259	0.983509	-0.055465	-0.033457	0.019762	-0.015917	0.051916	-0.006386	-0.013112	0.012241	-0.059425	-0.021538	-nan	0.629546	-0.069962	-0.048941	-0.010365	-0.027837	-0.065364	-0.053820	
-0.048765	-0.094550	-0.016428	-0.040586	-0.049634	0.070546	0.084501	-0.054567	-0.075909	-0.011427	-0.027273	-0.089493	-0.011781	-0.042796	0.006436	-0.054296	0.007086	-0.050974	-0.055465	0.908356	-0.030051	-0.060255	-0.010616	0.023862	-0.031334	0.012709	-0.072930	-0.042981	-0.053806	-nan	-0.290750	0.033133	-0.012199	-0.063525	-0.009879	0.005034	-0.055542	
-0.030498	-0.031894	-0.029774	-0.026458	-0.022457	-0.004244	-0.086255	-0.017370	-0.058271	-0.037869	-0.031369	-0.008218	-0.063834	-0.117082	-0.046995	0.074470	-0.024166	0.058363	-0.033457	-0.030051	0.804449	0.070570	0.028023	-0.022752	0.036163	0.065718	-0.045846	-0.058380	-0.084103	-nan	-0.140598	-0.031405	-0.050983	-0.005950	-0.040266	-0.071731	-0.067374	
0.018246	-0.026206	-0.042647	0.024362	-0.172892	0.020445	-0.030530	0.005528	-0.057840	-0.010970	-0.048056	-0.044333	-0.035934	-0.055050	-0.044321	-0.034018	-0.003916	-0.056546	0.019762	-0.060255	0.070570	0.833468	-0.035049	0.004038	0.022024	-0.007695	0.056699	0.008716	-0.008792	-nan	0.046940	-0.046173	-0.058680	-0.035827	-0.041254	-0.092542	-0.060133	
-0.081247	-0.084735	-0.100037	-0.056645	-0.033334	-0.050128	-0.018500	-0.068079	0.012620	-0.052005	-0.028639	-0.052859	-0.029030	-0.034351	-0.023853	-0.006845	-0.070896	0.019548	-0.015917	-0.010616	0.028023	-0.035049	0.784744	0.061564	0.013204	0.024245	0.034177	0.003867	-0.110180	-nan	-0.131158	-0.011269	-0.090814	0.012700	0.045882	-0.036352	0.008252	
-0.067680	0.019453	-0.051609	-0.084358	0.004348	-0.075912	-0.019965	-0.053326	-0.041222	-0.038443	-0.002917	-0.031542	0.028635	-0.014310	-0.032580	-0.022219	-0.045824	0.010246	0.051916	0.023862	-0.022752	0.004038	0.061564	0.787800	-0.003853	-0.015717	-0.042360	-0.060427	0.007167	-nan	-0.246336	-0.037528	-0.081924	-0.032957	-0.025965	-0.044626	-0.066875	
-0.058801	0.043837	-0.005873	-0.068616	-0.068216	-0.028391	-0.025058	-0.055608	-0.031510	-0.062624	-0.018622	-0.039411	-0.041379	-0.001034	-0.059411	-0.032650	0.010713	0.016139	-0.006386	-0.031334	0.036163	0.022024	0.013204	-0.003853	0.822928	0.036095	0.016690	0.012460	-0.105119	-nan	-0.211166	-0.038955	-0.073482	-0.009708	-0.082634	-0.137071	0.006913	
0.013262	-0.010789	0.026933	0.068209	-0.020564	-0.066552	-0.107096	0.012428	-0.079969	-0.043784	-0.105950	0.007457	0.000079	-0.047012	-0.061989	-0.009204	-0.034265	-0.012746	-0.013112	0.012709	0.065718	-0.007695	0.024245	-0.015717	0.036095	0.790526	-0.068715	-0.027709	-0.032564	-nan	-0.280159	-0.036312	-0.046495	-0.039046	-0.040923	-0.140523	-0.016240	
-0.077697	-0.080302	-0.050991	-0.027594	-0.042031	0.005278	0.018519	-0.043338	-0.004059	-0.011240	-0.013114	-0.034821	-0.084072	-0.066061	0.039859	0.044410	0.003953	0.077282	0.012241	-0.072930	-0.045846	0.056699	0.034177	-0.042360	0.016690	-0.068715	1.028319	-0.060481	-0.108581	-nan	0.135706	-0.078735	-0.124012	-0.043440	-0.071671	-0.075638	-0.080066	
-0.025600	0.001925	0.052102	-0.033209	-0.053836	0.020579	-0.031217	-0.029488	0.081486	0.016206	-0.062565	-0.086122	-0.042639	-0.095416	-0.105078	-0.057894	-0.029284	0.046653	-0.059425	-0.042981	-0.058380	0.008716	0.003867	-0.060427	0.012460	-0.027709	-0.060481	0.920630	-0.056627	-nan	-0.272674	0.072357	-0.051400	-0.055702	-0.103390	-0.024666	-0.006192	
0.043080	-0.024827	-0.074150	-0.128525	0.023511	0.121910	-0.032775	0.022296	-0.005502	-0.014080	-0.073693	-0.084142	-0.118917	-0.096330	-0.086181	-0.045660	-0.007408	-0.090131	-0.021538	-0.053806	-0.084103	-0.008792	-0.110180	0.007167	-0.105119	-0.032564	-0.108581	-0.056627	1.269380	-nan	-0.203332	0.156864	-0.157528	0.003359	-0.008584	0.061678	-0.095771	
-nan	-nan	-nan	-nan	-nan	-nan	-nan	-nan	-nan	-nan	-nan	-nan	-nan	-nan	-nan	-nan	-nan	-nan	-nan	-nan	-nan	-nan	-nan	-nan	-nan	-nan	-nan	-nan	-nan	-nan	-nan	-nan	-nan	-nan	-nan	-nan	-nan	
0.416200	-0.165805	-0.084217	-0.158549	-0.050424	-0.085277	-0.187716	-0.019412	0.045315	-0.039583	-0.296789	0.750481	-0.037916	0.417201	-0.314336	-0.225158	0.109270	0.018502	0.629546	-0.290750	-0.140598	0.046940	-0.131158	-0.246336	-0.211166	-0.280159	0.135706	-0.272674	-0.203332	-nan	2.035247	-0.388914	-0.584320	-0.226396	0.193088	-0.413373	-0.214336	
-0.010051	-0.043790	-0.103923	-0.106411	-0.067576	-0.090177	0.034154	0.018900	-0.035295	-0.089784	-0.025093	-0.066046	-0.057460	0.022458	-0.077255	-0.034163	-0.010387	-0.035291	-0.069962	0.033133	-0.031405	-0.046173	-0.011269	-0.037528	-0.038955	-0.036312	-0.078735	0.072357	0.156864	-nan	-0.388914	0.976461	-0.070063	-0.032279	-0.004919	-0.042904	0.071634	
0.078547	-0.044302	-0.057228	0.029161	-0.092874	-0.053496	-0.032121	0.024928	-0.101026	0.078038	-0.033169	-0.065353	0.058798	-0.068591	-0.037428	-0.102333	-0.098773	-0.125208	-0.048941	-0.012199	-0.050983	-0.058680	-0.090814	-0.081924	-0.073482	-0.046495	-0.124012	-0.051400	-0.157528	-nan	-0.584320	-0.070063	1.277258	0.022722	0.048296	0.025497	0.090148	
0.013768	-0.006905	-0.095543	-0.039772	-0.011117	-0.092453	-0.023970	-0.051365	-0.036960	-0.075294	-0.032999	-0.092823	-0.058454	0.024149	-0.116626	0.033001	-0.068266	-0.039721	-0.010365	-0.063525	-0.005950	-0.035827	0.012700	-0.032957	-0.009708	-0.039046	-0.043440	-0.055702	0.003359	-nan	-0.226396	-0.032279	0.022722	0.957294	0.075770	-0.023598	0.048877	
0.003776	-0.051852	-0.070805	0.003336	0.068118	-0.005792	-0.011301	-0.068607	-0.138144	-0.055481	-0.066760	-0.110509	-0.039565	-0.042075	0.060985	-0.058690	-0.073572	-0.061538	-0.027837	-0.009879	-0.040266	-0.041254	0.045882	-0.025965	-0.082634	-0.040923	-0.071671	-0.103390	-0.008584	-nan	0.193088	-0.004919	0.048296	0.075770	0.945440	0.074786	-0.019887	
-0.134788	0.013760	-0.079393	-0.109377	0.091993	0.023149	-0.024567	-0.086542	0.112008	-0.042223	0.014301	-0.011696	-0.090736	-0.091615	0.056579	-0.062956	0.011033	-0.086098	-0.065364	0.005034	-0.071731	-0.092542	-0.036352	-0.044626	-0.137071	-0.140523	-0.075638	-0.024666	0.061678	-nan	-0.413373	-0.042904	0.025497	-0.023598	0.074786	1.129434	-0.014398	
-0.044183	-0.008424	-0.045030	-0.043737	-0.015836	-0.080201	-0.055695	-0.015848	-0.067866	0.021132	0.124719	-0.055057	-0.029516	-0.082070	-0.004930	-0.035274	-0.080248	-0.077997	-0.053820	-0.055542	-0.067374	-0.060133	0.008252	-0.066875	0.006913	-0.016240	-0.080066	-0.006192	-0.095771	-nan	-0.214336	0.071634	0.090148	0.048877	-0.019887	-0.014398	0.884417	
