1.186917	-0.001296	-0.014566	-0.034144	-0.029364	0.004018	-0.039128	-0.072931	-0.011861	-0.076887	-0.029636	-0.060701	-0.021790	-0.061378	-0.069214	-0.031333	-0.053554	-0.033392	-0.036883	-0.011066	-0.021823	-0.039942	-0.070732	-0.056516	-0.043280	-0.056809	-0.034139	-0.015016	-0.051272	-0.057199	-0.112805	-0.042188	
-0.001296	1.160364	-0.045709	-0.038393	-0.006730	-0.068751	-0.034487	0.014069	-0.061174	-0.040168	-0.063188	-0.011558	-0.058096	-0.022726	-0.045431	-0.087550	-0.070312	-0.052657	-0.023507	-0.026168	-0.031561	-0.011804	-0.025311	-0.052744	-0.042661	-0.081310	-0.018729	-0.031752	-0.051242	-0.041229	-0.105108	-0.018989	
-0.014566	-0.045709	1.013519	0.006143	-0.046169	-0.047786	-0.044522	-0.031094	-0.003946	-0.049225	0.003589	-0.015522	-0.044269	-0.030597	-0.030033	-0.038195	-0.037437	-0.047874	-0.037898	-0.058626	-0.014927	-0.017377	-0.043452	-0.003201	-0.037071	-0.010977	-0.045204	-0.065984	-0.097653	-0.064611	-0.054991	-0.057190	
-0.034144	-0.038393	0.006143	1.086594	-0.019018	-0.027317	-0.028196	-0.042894	-0.018800	-0.025952	-0.056156	-0.025325	-0.039363	-0.056754	-0.067092	-0.036709	-0.057243	-0.045073	-0.066912	-0.063973	-0.026739	-0.016579	-0.046062	-0.015961	-0.056402	-0.014193	-0.045169	-0.046577	-0.000592	-0.042484	-0.076015	-0.063306	
-0.029364	-0.006730	-0.046169	-0.019018	1.109248	-0.038159	-0.026094	-0.011431	-0.050591	-0.010864	-0.060600	-0.030606	-0.022940	-0.055663	-0.047493	-0.018201	-0.071643	-0.061904	-0.041796	-0.050353	-0.049097	-0.031024	-0.016541	-0.041701	-0.031650	-0.045075	-0.030666	-0.014241	-0.060704	-0.041430	-0.067264	-0.061949	
0.004018	-0.068751	-0.047786	-0.027317	-0.038159	1.075970	-0.055970	-0.031248	-0.029162	-0.051534	-0.070008	-0.053538	-0.052003	-0.027858	-0.022773	-0.059338	-0.030882	-0.068489	0.007921	-0.028702	-0.051692	-0.056591	-0.078528	-0.060203	-0.028239	-0.045465	-0.052916	0.023183	0.005730	0.004486	0.040982	-0.028796	
-0.039128	-0.034487	-0.044522	-0.028196	-0.026094	-0.055970	1.097947	-0.036065	-0.042420	-0.021020	-0.023653	-0.043489	-0.003951	-0.075272	-0.031135	-0.022378	-0.021278	-0.047609	-0.041647	-0.000862	-0.029898	-0.034369	-0.034314	-0.041860	-0.029406	-0.051482	-0.057272	-0.077443	-0.060842	-0.051440	-0.060936	-0.056400	
-0.072931	0.014069	-0.031094	-0.042894	-0.011431	-0.031248	-0.036065	1.144597	-0.013737	-0.009987	-0.016938	-0.064121	-0.033019	-0.065366	0.001474	-0.016781	-0.013568	-0.058752	-0.038289	-0.047947	-0.044447	-0.054188	-0.030064	-0.061447	-0.049239	-0.059502	-0.049831	-0.040422	-0.051978	-0.064489	-0.082583	-0.077586	
-0.011861	-0.061174	-0.003946	-0.018800	-0.050591	-0.029162	-0.042420	-0.013737	1.139899	-0.056219	-0.027835	-0.041254	-0.047456	-0.002922	-0.067193	-0.044622	-0.013393	-0.050656	-0.004153	-0.049258	-0.036649	-0.044276	-0.043417	-0.073487	-0.044951	-0.054167	-0.048840	-0.048663	-0.054570	-0.048938	-0.061170	-0.038933	
-0.076887	-0.040168	-0.049225	-0.025952	-0.010864	-0.051534	-0.021020	-0.009987	-0.056219	1.071047	-0.042384	-0.018475	0.005791	-0.056341	-0.016780	-0.044656	-0.014693	-0.017445	-0.059681	-0.031604	-0.063284	-0.035044	-0.054189	-0.035481	-0.021808	-0.026112	-0.042612	-0.041663	-0.054551	-0.079561	-0.036500	-0.045564	
-0.029636	-0.063188	0.003589	-0.056156	-0.060600	-0.070008	-0.023653	-0.016938	-0.027835	-0.042384	1.111192	-0.033410	-0.039587	-0.026573	-0.019006	-0.053336	-0.045440	-0.062791	-0.052878	-0.006549	-0.028328	-0.017354	-0.037543	-0.012387	-0.026427	-0.003469	-0.057720	-0.064233	-0.047072	-0.087176	-0.065495	-0.064200	
-0.060701	-0.011558	-0.015522	-0.025325	-0.030606	-0.053538	-0.043489	-0.064121	-0.041254	-0.018475	-0.033410	1.059007	-0.040739	-0.033108	-0.021093	-0.026374	-0.026866	-0.018475	-0.029931	-0.041987	-0.049766	-0.006768	-0.009608	-0.036974	-0.044049	-0.034924	-0.027416	-0.047028	-0.047869	-0.084533	-0.104286	-0.050201	
-0.021790	-0.058096	-0.044269	-0.039363	-0.022940	-0.052003	-0.003951	-0.033019	-0.047456	0.005791	-0.039587	-0.040739	0.975281	-0.063831	-0.021402	-0.023528	-0.012583	-0.023414	-0.069192	-0.009833	-0.054118	-0.021406	-0.011407	-0.018675	-0.021884	-0.026183	-0.046571	-0.066400	-0.048685	-0.017355	-0.081189	-0.062912	
-0.061378	-0.022726	-0.030597	-0.056754	-0.055663	-0.027858	-0.075272	-0.065366	-0.002922	-0.056341	-0.026573	-0.033108	-0.063831	1.076174	-0.022819	-0.052394	-0.028746	-0.032097	-0.000462	-0.024031	-0.027418	-0.064635	-0.064903	-0.050828	-0.050482	-0.066380	-0.035379	-0.001973	-0.031588	0.027796	0.042314	-0.021451	
-0.069214	-0.045431	-0.030033	-0.067092	-0.047493	-0.022773	-0.031135	0.001474	-0.067193	-0.016780	-0.019006	-0.021093	-0.021402	-0.022819	0.901016	-0.026824	-0.005338	-0.013019	-0.032825	-0.006856	-0.005997	-0.004371	0.000518	-0.029715	-0.005488	0.001125	-0.054759	-0.106416	-0.071755	-0.071419	-0.070295	-0.062682	
-0.031333	-0.087550	-0.038195	-0.036709	-0.018201	-0.059338	-0.022378	-0.016781	-0.044622	-0.044656	-0.053336	-0.026374	-0.023528	-0.052394	-0.026824	1.008201	-0.026894	-0.026310	-0.025039	-0.008175	-0.024736	-0.026436	-0.020247	-0.018133	-0.015754	-0.015254	-0.053903	-0.113879	-0.053568	-0.051625	-0.041305	-0.047036	
-0.053554	-0.070312	-0.037437	-0.057243	-0.071643	-0.030882	-0.021278	-0.013568	-0.013393	-0.014693	-0.045440	-0.026866	-0.012583	-0.028746	-0.005338	-0.026894	0.927677	0.019021	-0.040390	-0.029966	-0.031489	-0.050327	-0.002616	-0.013710	-0.032092	-0.033155	-0.065850	-0.107523	-0.040094	-0.039019	-0.055445	-0.002335	
-0.033392	-0.052657	-0.047874	-0.045073	-0.061904	-0.068489	-0.047609	-0.058752	-0.050656	-0.017445	-0.062791	-0.018475	-0.023414	-0.032097	-0.013019	-0.026310	0.019021	0.860599	-0.013862	-0.004046	0.002698	0.001276	-0.018312	-0.037697	-0.017142	-0.019022	-0.029370	-0.060875	-0.024308	-0.029032	-0.036217	-0.024388	
-0.036883	-0.023507	-0.037898	-0.066912	-0.041796	0.007921	-0.041647	-0.038289	-0.004153	-0.059681	-0.052878	-0.029931	-0.069192	-0.000462	-0.032825	-0.025039	-0.040390	-0.013862	0.976361	-0.039749	-0.040341	-0.028679	-0.027701	-0.026379	-0.052415	-0.034132	-0.058187	0.001888	-0.068023	-0.010092	0.000092	-0.008781	
-0.011066	-0.026168	-0.058626	-0.063973	-0.050353	-0.028702	-0.000862	-0.047947	-0.049258	-0.031604	-0.006549	-0.041987	-0.009833	-0.024031	-0.006856	-0.008175	-0.029966	-0.004046	-0.039749	0.843806	-0.010513	-0.026222	-0.011246	-0.032264	-0.007368	-0.022327	-0.069517	-0.068426	-0.049566	-0.030451	-0.032819	-0.028243	
-0.021823	-0.031561	-0.014927	-0.026739	-0.049097	-0.051692	-0.029898	-0.044447	-0.036649	-0.063284	-0.028328	-0.049766	-0.054118	-0.027418	-0.005997	-0.024736	-0.031489	0.002698	-0.040341	-0.010513	0.839930	-0.031026	-0.010096	0.009185	-0.032318	0.010573	-0.031701	-0.069604	-0.034565	-0.039279	-0.038497	-0.023841	
-0.039942	-0.011804	-0.017377	-0.016579	-0.031024	-0.056591	-0.034369	-0.054188	-0.044276	-0.035044	-0.017354	-0.006768	-0.021406	-0.064635	-0.004371	-0.026436	-0.050327	0.001276	-0.028679	-0.026222	-0.031026	0.898237	-0.033372	-0.007528	-0.028202	0.006112	-0.059878	-0.056829	-0.073109	-0.050322	-0.047073	-0.029791	
-0.070732	-0.025311	-0.043452	-0.046062	-0.016541	-0.078528	-0.034314	-0.030064	-0.043417	-0.054189	-0.037543	-0.009608	-0.011407	-0.064903	0.000518	-0.020247	-0.002616	-0.018312	-0.027701	-0.011246	-0.010096	-0.033372	0.843108	-0.005824	0.029610	-0.022812	-0.061320	-0.051137	-0.031714	-0.043881	-0.017923	-0.036889	
-0.056516	-0.052744	-0.003201	-0.015961	-0.041701	-0.060203	-0.041860	-0.061447	-0.073487	-0.035481	-0.012387	-0.036974	-0.018675	-0.050828	-0.029715	-0.018133	-0.013710	-0.037697	-0.026379	-0.032264	0.009185	-0.007528	-0.005824	0.894914	-0.028470	0.039401	-0.054181	-0.043736	-0.043242	-0.047685	-0.086873	-0.019018	
-0.043280	-0.042661	-0.037071	-0.056402	-0.031650	-0.028239	-0.029406	-0.049239	-0.044951	-0.021808	-0.026427	-0.044049	-0.021884	-0.050482	-0.005488	-0.015754	-0.032092	-0.017142	-0.052415	-0.007368	-0.032318	-0.028202	0.029610	-0.028470	0.924175	-0.019994	-0.042901	-0.109798	-0.042175	-0.047922	-0.032896	-0.034390	
-0.056809	-0.081310	-0.010977	-0.014193	-0.045075	-0.045465	-0.051482	-0.059502	-0.054167	-0.026112	-0.003469	-0.034924	-0.026183	-0.066380	0.001125	-0.015254	-0.033155	-0.019022	-0.034132	-0.022327	0.010573	0.006112	-0.022812	0.039401	-0.019994	0.854295	-0.026606	-0.033184	-0.029111	-0.075050	-0.064913	-0.056361	
-0.034139	-0.018729	-0.045204	-0.045169	-0.030666	-0.052916	-0.057272	-0.049831	-0.048840	-0.042612	-0.057720	-0.027416	-0.046571	-0.035379	-0.054759	-0.053903	-0.065850	-0.029370	-0.058187	-0.069517	-0.031701	-0.059878	-0.061320	-0.054181	-0.042901	-0.026606	1.080969	0.043588	0.029374	-0.007487	0.066626	0.012469	
-0.015016	-0.031752	-0.065984	-0.046577	-0.014241	0.023183	-0.077443	-0.040422	-0.048663	-0.041663	-0.064233	-0.047028	-0.066400	-0.001973	-0.106416	-0.113879	-0.107523	-0.060875	0.001888	-0.068426	-0.069604	-0.056829	-0.051137	-0.043736	-0.109798	-0.033184	0.043588	1.076145	0.086317	0.090272	0.044686	0.045549	
-0.051272	-0.051242	-0.097653	-0.000592	-0.060704	0.005730	-0.060842	-0.051978	-0.054570	-0.054551	-0.047072	-0.047869	-0.048685	-0.031588	-0.071755	-0.053568	-0.040094	-0.024308	-0.068023	-0.049566	-0.034565	-0.073109	-0.031714	-0.043242	-0.042175	-0.029111	0.029374	0.086317	0.984402	0.059733	0.069696	0.046240	
-0.057199	-0.041229	-0.064611	-0.042484	-0.041430	0.004486	-0.051440	-0.064489	-0.048938	-0.079561	-0.087176	-0.084533	-0.017355	0.027796	-0.071419	-0.051625	-0.039019	-0.029032	-0.010092	-0.030451	-0.039279	-0.050322	-0.043881	-0.047685	-0.047922	-0.075050	-0.007487	0.090272	0.059733	0.967094	0.134763	0.030347	
-0.112805	-0.105108	-0.054991	-0.076015	-0.067264	0.040982	-0.060936	-0.082583	-0.061170	-0.036500	-0.065495	-0.104286	-0.081189	0.042314	-0.070295	-0.041305	-0.055445	-0.036217	0.000092	-0.032819	-0.038497	-0.047073	-0.017923	-0.086873	-0.032896	-0.064913	0.066626	0.044686	0.069696	0.134763	1.001687	0.052581	
-0.042188	-0.018989	-0.057190	-0.063306	-0.061949	-0.028796	-0.056400	-0.077586	-0.038933	-0.045564	-0.064200	-0.050201	-0.062912	-0.021451	-0.062682	-0.047036	-0.002335	-0.024388	-0.008781	-0.028243	-0.023841	-0.029791	-0.036889	-0.019018	-0.034390	-0.056361	0.012469	0.045549	0.046240	0.030347	0.052581	0.910973	
